43295
288108
9014
20187
23492
16992
17677
585
3521
270849
9319
161073
338475
17828
52737
267824
41683
80563
31585
927915
336286
187722
352619
61735
59553
382372
7954
27846
18475
16074
15301
478376
55012
7618
66324
120990
255643
338317
134768
5309
11062
26325
1041
2488
16499
111696
5057
405986
13979
13824
96726
304
751
30343
44910
3167
10676
125854
1534
108493
36919
56790
192931
71668
11337
2656
10884
69785
10868
41499
8034
5976
6364
115275
5307
6901
298
11435
21265
133642
725
20712
15034
65482
12186
9250
17539
6033
16955
204014
7415
38954
327349
8661
21634
288054
6390
1672
2011
76752
26573
7530
16931
11848
12797
85345
3355
678
56662
6946
65160
12424
24886
21135
45738
47554
210110
31244
91812
20874
4691
168648
1615
34503
4218
2003
972
6921
2454
47652
5027
20205
13949
17782
11043
109686
11474
54677
2162
8007
4081
1928
19135
6389
29878
6127
11853
7344
3698
13899
8073
1285
26759
64395
3313
8578
23991
8881
5704
62358
15292
1984
36123
90725
8480
4120
18300
1154
88455
12882
10959
42761
1304
8187
29066
54713
7062
7587
11414
19726
429
11873
24178
39793
16597
3178
45816
45649
5182
30922
216007
14741
52589
6119
810381
37854
15608
7557
167570
13879
70813
1221
23932
22334
75
40823
60
1443
101
4516
3769
7575
7178
3244
25451
90341
4580
2960
15566
64053
18235
24898
11142
40134
24446
340
40816
30218
166009
15844
10327
56980
38476
30885
5520
2807
7206
11078
20272
6579
168966
186791
46833
19597
26937
38075
103067
166001
16558
247523
387136
33238
8440
50185
46099
45869
1147
6126
134375
1485353
58395
211
8286
43552
14396
16585
28857
223938
65248
73247
4949
30375
52687
6884
100522
4658
9082
366221
16909
9329
10511
4556
832133
2676
9182
7600
6250
115638
75823
109606
45559
182578
261701
67
49
381
110
29
170
68
65
33
33
250
227
171
890
39
32550
21948
41994
14796
5301
173283
1788
6440
2061
26774
34498
84402
1599
45540
21752
10564
18670
21638
879
5058
3415
165083
3320
11492
42647
349220
34004
23755
41320
10893
48450
1563
6948
76667
26242
256954
313201
396643
590
5653
4988
90176
58690
5094
8579
26616
25606
281844
263710
53735
71599
37522
21657
67036
557641
165895
231325
8212
3894
144996
12956
12826
531580
64860
270634
482
20041
503
15727
84250
35928
3784
10659
30546
56
51816
31777
3456
23052
29042
204169
40096
40677
34019
77375
51168
19481
103063
11659
260368
307807
2551
39077
43698
388630
232453
17197
80724
10100
6333
2861
67109
26661
1167
2015
1430
105140
31613
1013
4631
30931
28985
250206
20824
113758
5566
30382
119959
38403
16686
26872
170813
179049
1102
22157
3395
2479
3304
2425
6735
97
12678
8997
321
11617
5433
345938
57578
9137
56031
23753
56263
55599
237109
144597
92945
115215
13829
18837
9262
5013
11401
1399
106865
15824
31423
1238
199
179
1328
2815
2335
3470
2306
1264
2249
1555
1468
1069
2078
613
373
3048
3445
682
1165
14354
1268
4209
2256
2614
1107
39586
4451
479
1152
1071
992
4913
623
198131
100733
9792
65609
129435
86427
206303
313443
94328
48479
6662
8200
72570
72038
269580
57923
301002
98176
3837
63615
20322
41502
17611
252867
17485
50678
77084
114559
62087
65824
57670
403167
10377
244442
59784
76394
49935
220474
34135
15688
144385
370727
30015
24211
